$ANSIBLE_VAULT;1.1;AES256
64343765373762656135636461396466613936643465366432623636366664626534386630383934
6238396530383734653061343330326236313164653665610a666161363662626561376234333363
64333462343737646533356637373165653464353235633934626631626362633663303165393464
3866376330333238660a346561363063376365333362633239636530343335336334313761653661
61323761613932386134356638356539663138646561373939363938396261613562653035353639
35333133373932343664663839663464373466616632316637346662653635303665373862373062
62346636323338356332356132333630336132313335306161376539313938323630616662353532
62616636353634313433373437303763653331343863383361646533363837306565633035663461
35643937633639623262623037353632626466306637656464323162316335313536623231626162
31643335303961623862383638633330323238306266636666356237343231306630653337303436
36623763366362643231313562643437333031663364383932383931663566333662656662333131
39333464643966613863373663333339333562353132356632356235316131616566366634656261
66386366613436643437376433633263613864613861353531323739333662326437623762303130
32386334616436346437623233363232363266393636336364663236373932393733353965326336
31646339383830343035343339356331666430313032646466306463353537333835393132646631
66326364626263323438656331333132393733616161306632346363356136636230633265363261
37656131373936306631356166396664376463663339343835313538656164333565613635613236
35393263356130316134656166653062373831646530343364656666663636383032336230356263
37623630373037363166396238653764616662356237373538363934613130663236343538653662
33663238666633633065666563333334353839366230656435663465353266613662623039323136
33313965373833663964366439646536376232366466333861336139346139653165356564653832
64343436326366663937386338323963636166626366386139353961663866643261326363353738
37306439393365386233613338633035316465383561376336356538336437383132353463343935
66643737626565396339316438333134666666353630663562653762343561353162633762313539
61323039393362356235383531643863366239613937643535393332313238633961633961323839
31396435343666636632633438666463376235366636643435656432613130636538316664316464
33393838356338356632646334613034343131623333636266343238646262343134346661336531
62353736636566383466393836613837336530313834616238356265646534373865303166613839
32613535636664613039373137306634373466633765333030663432613633346463386234393735
31306232376266346364616136316563326261613835363234396537346637356463346234326662
65643334343265653264336533353336386462386539633863393530303733646536383164376437
37643031623939303135633464613437386536663864393232366434316530653432646262323730
35663336303461386433386538313832373537383666643331396337623932323932353433383237
36656461323163393833336362613330666630373139336364623465333038643739363336616235
36623137653431376662333931636430303938663664326236333831643839353865663462386266
39636339363337356339383066313634346530316664356335623765653135303839386233343962
65643733633463623964623063653637333561393639326661333930393961623165633837366232
63646664633132633139663664303462333861643437353039386630383164663636643165376538
33323230313062653464383234623064656639613230653163656239666262643361646363376234
32656333626533346236303734643333633061333730653231313862383634383033623134646431
62313864323565623936336663663061353130623330393162653164643661333431303431666266
38336432396561373565316264316333653137353664383334643934373139306431363737313532
37336239363961346336393838396564343431373137623638326431316532363436333730366134
37393132333364343033316366346637303762663632656532323535383039636134656363316638
37396566643533613432636661316631626261306336313831666166316462633630663763393333
66383661353964376163633439303330343739396431383134333061313065623332646566303939
36383433356333346630653939633965346339663138643666383462303437303732623038626362
31353438313338633835383033386433353532396337353462353035363163303732323536326530
64363333613232323236316463386136316537373334613364353563393534353334656335643730
62336638666432363863313666373261396464633236646338326663636164623333616636363261
37343936633634336632613936643838313664353536643566363635306635366638323233613935
30626539623931366264393832306264313938373664323530393436373561653432306261356266
65316639656466373833646432323034333532376463616232623834663063343935633731613333
61383133336639373036316231623565366261376239303335386339353662393834643631633262
38666662313539316264613630303662303565333835396330346331333463333863613461383433
36636361313934373231613131636230616430623766363563303737366532306531363537613839
33613536626632396531633335656161656237373561646566373633663037303966616539636338
30373132633765636235386430336539363835343934613038343462653066663866386138366131
34333165373863323239613230643461636233393737303537343936366338323363643063333638
65626633646137636531323735666361333564393239393437393137623430646661323639333063
62376661366564383335363565643861323537313437303932346330633739656466336364333065
61343434356366323063316233343432306265303238616565396131633832353838653065656565
66633465376364303539653234376335383638366534303636333138323766343862303764393962
32323435326334346531626364313261613336653761396339393038343865313964386466343464
65323535316462373730646536376435663561393066346530353765393133386634633338643737
63393531383337373536623632616235383534346366373761383237636363396639366433353635
33636333626566623233356233303937353636653330643534393234313962346261646331366230
63323135353365386664383037326138383734646562376239303734663837326135366233666364
34393433373739366435313362303962336466316237376233316538643730326630366435646363
63633734643834636364633461346562303934306634646531666637613864396265613730626438
34623136616365633230373364303933616562613732383165333761313161303662343737613639
62613865623861656365343661353663386532356664346334613833396663393563613432303364
30313365363162366335356666663763663464336532396166313435316262613362643631306434
65303231346532373432656164653464623132303363323533653136653139653934613565336266
38363839376639633938363035326134383063383966323561343431626164623039326265316664
65613234386363393935323337333132623065653564623238313334313966366538356564333437
35656366376562613835613561616235616636306166356564336263323339383739323466396562
65366437383432626266626439333139373034646133623261383937386133383433643264363631
64316364386237616165613264336230323864393432633639353431653138633730653663646663
33393131623835363236616336633533316463666165376438643965393565353761363935636235
37386464326235666538643734633832386462353561363631626430656431626430343065316134
39613066303331626135616664303039636235636465303265343466303938313732636266643132
36616239333563393638333762323030363332643230656430663032313364626533613831326531
33316236343038636538303534373761646430613766303263613838353130616633613431383465
36643531393632393365636235393238373362623836386363343936633239393032383364396164
65366465336137633862663433663165383130363238323863363738343730326536653932326337
31393565313765353635663964323065386163316635383333383639326361373463373563386664
65366539613038663739313736326536656338393763613439636562343739386230356239353165
30366432353337383264396132323631386664636235316338383330363039656235646561376261
61376234316264363639613964373862636266396466376635346564663961313966306638363065
36613963373262343434323063336636333136663334636162613534623866623765653362623634
66393433653130663562313639666632633237386538353163623535303538613232396464613237
30663661323463613062303931656637643134363365656136613863376364363862643466613865
65663339633631386438613965623865326637356331653231343933346563333061386432383434
38616163663762366130633365663830396532353634373164333039623061336133633034376639
33376537373063333366633132346232373161613034326432333863666561393934313562333865
30623661393064396132336335646131666332373230363065346636636463373365363461346332
61386430303434366238323435613463383636366265373634306566663266336531643337396332
64613164613462373337343438323938396134316162393163613938396535343263376430383238
39346463353463323264363166343835663132623337613265646432626537316135653534633364
31333738326435366433656432353661343135393364653437656331343966653037306235363162
63643130366164363137616532373666393738363239333030363464303966646631616631346437
37306639613235383666396165386236623365633733383534316237396637396336653038613230
63663739353337636430356461396536333638316131383862363932666533653263376630303737
36343530643934386539653135303131323139626661323438666533646631656638336164373535
62633731343962383035326663653766646236663665386137323661343566646466633266336261
61323232306236376232353034633338656439616163373662356232623135613462653362646235
62396533633864346339383739653237663964613534336265326436336335646232386636616137
35653735633031636635356463306638366134386261333531613536633735633865313136633262
62343637653966646563333837646635363061646230353731303161636532646331663463303536
66346532393831343238393532646534613235366639356432646631376131393037313436616461
35653466626238383162653834326263663861663230366339646537363135663039613930303034
32353734306234323733643066303762336639353431316362656563616565366331666332653737
36323064313531633633613066396265653939323762663166356538363237383636383338633533
66393066666462313361653137343631626139663433393736386161643064326637313436316264
61376439646231393365393339353331623966323538663165336464373264373934343463653631
33653435316334343430366136626331643433316131386331636534356330656535346131396636
38363031353862623466636536666663666235613236333130333035326162646233663563346566
35326564383665343466353362306461346530373062626466363130363730656565376234623661
66663434386163613964356135303330326165326565313335313132336132336164306466373864
64383932326339356661323761646633666133326431363838333238373432373333613134636266
35643764356339666238616435656130373333383361336465306633316238303431633331653862
66643231356534326161656664623265323035623538376462623636326638646262396437393133
63656339346632353332303535376365376666303835323332653538653935373838646463386338
34636532313962383538316561376138623434313566386163666233316238623861653761653763
63646264393661623363613736623231613737336666373531393161323737353736636535306266
62323331393034363765313964323832386661366231343762626561366239616131306631663030
34643963656434386232366539326665653538643637323930656635643038343366303639323334
62623066323530356235653932613634653837613062336335336663386434643466343932313839
61616335313735303038623461626561313939656635313531323065316462316363653434353933
30656630366238393731393866333563383832636133613334633030663838316632636539363230
62353233313532633831393265316138336530363736313762646637373735373136313961316339
31613738656363656439333666643036313561353931306639386662343338376630333830633435
36323766643938623834643931636433363061396339333863346631666265333064383064383436
393466653665323435616137323739343332
